Q: Vad är den uppskattade sannolikheten för att minst en kollision uppstår när 2500
element sätts in i tabellen?
A: 98% enligt våran, ~100% enligt grafen

Q: Hur många element behöver sättas in i tabellen för att den uppskattade
sannolikheten för en kollision ska överstiga 0.5?
A: 1200 enligt våran, ~1200 enligt grafen

Q: och går det att ge någon enkel förklaring till att
det är så mycket färre insättningar än 500000 som krävs?
A: På grund av just födelsedagsparadoxen, det är en väldigt stor chans att just två nycklar får samma
hash även om nycklarna är helt random som i koden.

Chanserna att två är lika kan kännas orimligt, men chansen växer väldigt snabbt ju mer personer man lägger till.
Grafen går exponentiellt (upp till en gräns):
10 pers => 12%
20 pers => 41%
30 pers => 70%
50 pers => 99%

0 0.0
50 0.0
100 0.0
150 0.0
200 0.02
250 0.03
300 0.02
350 0.06
400 0.08
450 0.05
500 0.14
550 0.12
600 0.22
650 0.16
700 0.3
750 0.26
800 0.34
850 0.32
900 0.28
950 0.41
1000 0.44
1050 0.47
1100 0.48
1150 0.4
1200 0.59
1250 0.49
1300 0.6
1350 0.62
1400 0.69
1450 0.61
1500 0.69
1550 0.75
1600 0.76
1650 0.7
1700 0.69
1750 0.77
1800 0.82
1850 0.83
1900 0.79
1950 0.83
2000 0.86
2050 0.85
2100 0.9
2150 0.9
2200 0.9
2250 0.95
2300 0.93
2350 0.99
2400 0.93
2450 0.93
2500 0.98
2550 0.96
2600 1.0
2650 0.96
2700 0.96
2750 0.97
2800 0.99
2850 0.98
2900 0.96
2950 0.99
3000 1.0
3050 1.0
3100 0.99
3150 1.0
3200 1.0
3250 1.0
3300 1.0
3350 0.99
3400 1.0
3450 1.0
3500 1.0
3550 0.99
3600 1.0
3650 0.99
3700 1.0
3750 1.0
3800 0.99
3850 1.0
3900 1.0
3950 1.0
4000 1.0
4050 1.0
4100 1.0
4150 1.0
4200 1.0
4250 1.0
4300 1.0
4350 1.0
4400 1.0
4450 1.0
4500 1.0
4550 1.0
4600 1.0
4650 1.0
4700 1.0
4750 1.0
4800 1.0
4850 1.0
4900 1.0
4950 1.0
5000 1.0
5050 1.0
5100 1.0
5150 1.0
5200 1.0
5250 1.0
5300 1.0
5350 1.0
5400 1.0
5450 1.0
5500 1.0
5550 1.0
5600 1.0
5650 1.0
5700 1.0
5750 1.0
5800 1.0
5850 1.0
5900 1.0
5950 1.0
6000 1.0
6050 1.0
6100 1.0
6150 1.0
6200 1.0
6250 1.0
6300 1.0
6350 1.0
6400 1.0
6450 1.0
6500 1.0
6550 1.0
6600 1.0
6650 1.0
6700 1.0
6750 1.0
6800 1.0
6850 1.0
6900 1.0
6950 1.0
7000 1.0
7050 1.0
7100 1.0
7150 1.0
7200 1.0
7250 1.0
7300 1.0
7350 1.0
7400 1.0
7450 1.0
7500 1.0
7550 1.0
7600 1.0
7650 1.0
7700 1.0
7750 1.0
7800 1.0
7850 1.0
7900 1.0
7950 1.0
8000 1.0
8050 1.0
8100 1.0
8150 1.0
8200 1.0
8250 1.0
8300 1.0
8350 1.0
8400 1.0
8450 1.0
8500 1.0
8550 1.0
8600 1.0
8650 1.0
8700 1.0
8750 1.0
8800 1.0
8850 1.0
8900 1.0
8950 1.0
9000 1.0
9050 1.0
9100 1.0
9150 1.0
9200 1.0
9250 1.0
9300 1.0
9350 1.0
9400 1.0
9450 1.0
9500 1.0
9550 1.0
9600 1.0
9650 1.0
9700 1.0
9750 1.0
9800 1.0
9850 1.0
9900 1.0
9950 1.0
